20
120 874308165313353435924811434341778738339969013714566776179652
204 335498212
220 857671336285619706286505259778502070
25 646522
180 71135853797525154801574664429928955385969111492458546393108368
167 7097501306639266460334251854124701398441264526401775944932032561851537066954595173614023494661949988333225311
159 34547389644611849324902048638970235
190 1486139411639384409848749958784650368455059410476755670372360119439112197939878529158062954308851
70 8675309
116 972759570129420701017343026504780735238724865028026190998930433648895154524191409145141283939575313912329760551461452376912991044578
224 2487323315219036305119522514586914514992258092515923847091331536327563425076754497614583159414480884501649219370710323252847898226085122496517560821297108819714616754255018516844563766341
92 87425153970967993390831896675153851510854781083794529288118964576857047283178102891855976962574675710971584027
157 36138325509814056284116360672
144 403420455286144733012394352796117676232438993658729712221550931250841303194844906324788136156913626810108948602023083594977223986502041169240216642530162552975968233385427485675131472718018964836808453936722129133940950121976774689537233792725857619706585846714131638551181612253217
185 489437731668051889380494808019998308605322017238185334
2
101
203 687737220877470653784446097316072785470
134 2406258858721918774208848120315517208323779940599828715494389738665554681038314446893101871003518703575496336511449627393919132748479928913340144555418397315103310973766058610954180421686012930554663239422912710632257959476189261669997676809989671567278292632886370402049069985046878555076392720791616383499884307075233764956906527854413716114792441649375534077153257152101247222135886802040538230547674927916381416649052144975585897241738727151911864406075
119 63155576629807163707985640922769106772917396795739548570858093440561312802733843811003
90 4657792635807324354837720297526378517183982130663318441767993667273162151581154568833078842147657012720840483968446450279932334516
