20
13 5 7 5 9 1 3 2 5
1783585506 9999987 1 10000000 999999 990000001 79999998 868999132 81999927
86974256 123456 557 9988776 1025 729181302 409540566 403985 491394225
8 1 3 3 3 1 0 1 2
81922551 759324 967048 10000000 9999999 930000001 980000000 29999998 279999972
1581945094 9999991 1 9999991 9999989 159999857 489999556 549999396 719999209
274467416870917042 7270184 3005711 7759177 8197657 803826746 672879876 877174079 68314903
33104500 9999909 9999991 9999949 10000000 329998318 499997447 650000001 490000002
1511881142 123 1 10000000 10000000 1 850000000 360000001 470000002
739825879172045328 2683878 7208112 2912862 8898138 631358954 451401022 51028288 625542185
36302668 1 10000000 10000000 10000000 910000001 610000000 380000001 579999998
930033404565174954 102400 15000 9699690 9748872 620781129 950572528 311963986 692169969
974487874647179085 9999991 1 9999991 9999989 159999857 819999260 89999902 69999923
918495108443110920 9999991 1 9999991 9999989 849999236 589999466 309999660 169999814
972766173386786486 123 1 10000000 10000000 590000001 680000000 610000001 970000002
980046644627629799 9 123456 18 10000000 831918484 451864686 840000324 650000765
1708396388 999999 12347 9699690 9748872 727477719 669281518 799407527 906645153
1530944270 123456 557 9988776 1025 559372110 918968142 802729910 688062000
763526783810179646 741864 167766 7315499 3851100 922855524 89780690 441276473 271986168
1606423995 9999909 9999991 9999949 10000000 499997451 929995254 810000001 970000002
